2.8106122 2.813151 1740847249
2.8106122 2.813151 1740847249
2.8106122 2.813151 1740847249
2.8106122 2.813151 1740847249
2.8106122 2.813151 1740847249
2.8106122 2.813151 1740847249
2.8106122 2.813151 1740847249
2.8106122 2.813151 1740847249
2.8106122 2.813151 1740847249
2.8106122 2.813151 1740847249
2.8106122 2.813151 1740847249
2.8106122 2.813151 1740847249
2.8106122 2.813151 1740847249
2.8106122 2.813151 1740847249
2.8106122 2.813151 1740847249
2.8106122 2.813151 1740847249
2.8106122 2.813151 1740847249
2.8106122 2.813151 1740847249
2.8106122 2.813151 1740847249
2.8106122 2.813151 1740847249
2.8148918 2.8126755 1740847579
2.8148918 2.8126755 1740847579
2.8148918 2.8126755 1740847579
2.8148918 2.8126755 1740847579
2.8148918 2.8126755 1740847579
2.8148918 2.8126755 1740847579
2.8148918 2.8126755 1740847579
2.8148918 2.8126755 1740847579
2.8148918 2.8126755 1740847579
2.8148918 2.8126755 1740847579
2.8148918 2.8126755 1740847579
2.8148918 2.8126755 1740847579
2.8148918 2.8126755 1740847579
2.8148918 2.8126755 1740847579
2.8148918 2.8126755 1740847579
2.8148918 2.8126755 1740847579
2.8148918 2.8126755 1740847579
2.8148918 2.8126755 1740847579
2.8148918 2.8126755 1740847579
2.8148918 2.8126755 1740847579
2.8089914 2.813331 1740848427
2.8089914 2.813331 1740848427
2.8089914 2.813331 1740848427
2.8089914 2.813331 1740848427
2.8089914 2.813331 1740848427
2.8089914 2.813331 1740848427
2.8089914 2.813331 1740848427
2.8128488 2.8129025 1740848985
2.8128488 2.8129025 1740848985
2.8128488 2.8129025 1740848985
2.8128488 2.8129025 1740848985
2.8128488 2.8129025 1740848985
2.8128488 2.8129025 1740848985
2.8128488 2.8129025 1740848985
2.8128488 2.8129025 1740848985
2.8128488 2.8129025 1740848985
2.8128488 2.8129025 1740848985
2.8128488 2.8129025 1740848985
2.8128488 2.8129025 1740848985
2.8128488 2.8129025 1740848985
2.8128488 2.8129025 1740848985
2.8128488 2.8129025 1740848985
2.8128488 2.8129025 1740848985
2.8128488 2.8129025 1740848985
2.8128488 2.8129025 1740848985
2.8128488 2.8129025 1740848985
2.8128488 2.8129025 1740848985
